Prefer-Pulled Analysis — 200 cities
=====================================

Baseline (config 10-4-0.06):
  best_result            = 81.62551
  average_result         = 82.960189
  average_total_time_sec = 21.54
  combined_std_result    = 0.636281

best_diff%   = (best_result  - BL_BEST) / BL_BEST * 100
result_diff% = (avg_result   - BL_AVG)  / BL_AVG  * 100
time_diff%   = (avg_time_sec - BL_TIME) / BL_TIME * 100
Negative = better than baseline.

Full results  (sorted by ai / seg / pool):
------------------------------------------------------------------------------------------------------------------------
  ai     seg    pool      best_result   avg_result        std   avg_time  best_diff%  avg_diff%    CV%  time_diff%
------------------------------------------------------------------------------------------------------------------------
  8      3      0.02        83.149949    84.849120   0.586039      14.28       +1.87      +2.28   0.69      -33.70
  8      3      0.06        82.710920    84.401434   0.623288      13.78       +1.33      +1.74   0.74      -36.03
  8      3      0.10        82.990757    84.251621   0.485856      13.57       +1.67      +1.56   0.58      -37.00
------------------------------------------------------------------------------------------------------------------------
  8      4      0.02        82.181597    83.967596   0.720539      17.99       +0.68      +1.21   0.86      -16.48
  8      4      0.06        82.122982    83.751148   0.534444      18.43       +0.61      +0.95   0.64      -14.44
  8      4      0.10        82.151918    83.677490   0.633281      17.35       +0.64      +0.86   0.76      -19.45
------------------------------------------------------------------------------------------------------------------------
  8      5      0.02        82.919254    83.660273   0.611132      21.18       +1.58      +0.84   0.73       -1.67
  8      5      0.06        81.844280    83.553398   0.637201      20.49       +0.27      +0.72   0.76       -4.87
  8      5      0.10        82.855182    83.889174   0.391080      20.30       +1.51      +1.12   0.47       -5.76
------------------------------------------------------------------------------------------------------------------------
  10     3      0.02        81.981469    84.123981   0.652697      17.05       +0.44      +1.40   0.78      -20.84
  10     3      0.06        82.571866    83.865940   0.614493      16.23       +1.16      +1.09   0.73      -24.65
  10     3      0.10        83.420704    84.292090   0.253314      16.06       +2.20      +1.61   0.30      -25.44
------------------------------------------------------------------------------------------------------------------------
  10     4      0.02        82.074119    83.345486   0.575418      21.17       +0.55      +0.46   0.69       -1.72
  10     4      0.06        81.625510    82.960189   0.636281      21.54       +0.00      +0.00   0.77       +0.00
  10     4      0.10        81.972172    83.443111   0.595054      20.41       +0.42      +0.58   0.71       -5.25
------------------------------------------------------------------------------------------------------------------------
  10     5      0.02        81.954141    82.803591   0.412471      25.79       +0.40      -0.19   0.50      +19.73
  10     5      0.06        81.676704    82.672478   0.369488      25.19       +0.06      -0.35   0.45      +16.95
  10     5      0.10        81.886212    82.693000   0.293336      24.69       +0.32      -0.32   0.35      +14.62
------------------------------------------------------------------------------------------------------------------------
  12     3      0.02        82.768477    84.080579   0.391572      19.23       +1.40      +1.35   0.47      -10.72
  12     3      0.06        82.793824    83.694304   0.443652      18.88       +1.43      +0.88   0.53      -12.35
  12     3      0.10        82.919699    83.597929   0.225594      18.44       +1.59      +0.77   0.27      -14.39
------------------------------------------------------------------------------------------------------------------------
  12     4      0.02        82.117576    82.940871   0.317733      24.56       +0.60      -0.02   0.38      +14.02
  12     4      0.06        81.858299    82.770176   0.353849      23.96       +0.29      -0.23   0.43      +11.23
  12     4      0.10        81.797081    83.240607   0.545273      23.70       +0.21      +0.34   0.66      +10.03
------------------------------------------------------------------------------------------------------------------------
  12     5      0.02        81.695952    82.674122   0.435504      28.07       +0.09      -0.34   0.53      +30.32
  12     5      0.06        81.526846    82.729829   0.370445      28.64       -0.12      -0.28   0.45      +32.96
  12     5      0.10        81.689766    82.722956   0.410780      27.70       +0.08      -0.29   0.50      +28.60
------------------------------------------------------------------------------------------------------------------------

Notes:
- Best best_result:  iters=12 / segs=5 / pool=0.06 → 81.526846 (best_diff% = -0.12%)
- Fastest:          iters=8 / segs=3 / pool=0.10 → 13.57s (time_diff% = -37.00%)
- Baseline:         iters=10 / segs=4 / pool=0.06  (all diff% = +0.00%)
