Not-Prefer-Pulled Analysis — 200 cities
=====================================

Baseline (config 10-4-0.06):
  best_result            = 81.62551
  average_result         = 82.960189
  average_total_time_sec = 21.54
  combined_std_result    = 0.636281

best_diff%   = (best_result  - BL_BEST) / BL_BEST * 100
result_diff% = (avg_result   - BL_AVG)  / BL_AVG  * 100
time_diff%   = (avg_time_sec - BL_TIME) / BL_TIME * 100
Negative = better than baseline.

Full results  (sorted by ai / seg / pool):
------------------------------------------------------------------------------------------------------------------------
  ai     seg    pool      best_result   avg_result        std   avg_time  best_diff%  avg_diff%    CV%  time_diff%
------------------------------------------------------------------------------------------------------------------------
  8      3      0.02        83.072203    84.446933   0.614701      14.05       +1.77      +1.79   0.73      -34.77
  8      3      0.06        84.110240    84.984195   0.258460      13.31       +3.04      +2.44   0.30      -38.21
  8      3      0.10        84.285798    85.345023   0.336065      12.97       +3.26      +2.87   0.39      -39.79
------------------------------------------------------------------------------------------------------------------------
  8      4      0.02        82.826283    84.348324   0.691246      17.75       +1.47      +1.67   0.82      -17.60
  8      4      0.06        83.559751    84.690737   0.367647      16.86       +2.37      +2.09   0.43      -21.73
  8      4      0.10        83.106176    84.345798   0.461750      16.44       +1.81      +1.67   0.55      -23.68
------------------------------------------------------------------------------------------------------------------------
  8      5      0.02        83.097557    84.317299   0.498786      20.71       +1.80      +1.64   0.59       -3.85
  8      5      0.06        83.027544    84.269492   0.467462      19.96       +1.72      +1.58   0.55       -7.34
  8      5      0.10        82.846374    84.238593   0.473801      19.83       +1.50      +1.54   0.56       -7.94
------------------------------------------------------------------------------------------------------------------------
  10     3      0.02        82.949317    84.465279   0.530529      16.61       +1.62      +1.81   0.63      -22.89
  10     3      0.06        84.061709    84.953978   0.267818      15.56       +2.98      +2.40   0.32      -27.76
  10     3      0.10        84.422862    85.021610   0.200746      15.57       +3.43      +2.48   0.24      -27.72
------------------------------------------------------------------------------------------------------------------------
  10     4      0.02        82.416899    83.698766   0.613230      20.59       +0.97      +0.89   0.73       -4.41
  10     4      0.06        82.750471    84.039696   0.473455      19.92       +1.38      +1.30   0.56       -7.52
  10     4      0.10        83.359293    84.423223   0.388698      19.69       +2.12      +1.76   0.46       -8.59
------------------------------------------------------------------------------------------------------------------------
  10     5      0.02        82.238688    83.156904   0.387877      24.46       +0.75      +0.24   0.47      +13.56
  10     5      0.06        82.186176    83.471442   0.421775      23.89       +0.69      +0.62   0.51      +10.91
  10     5      0.10        82.315354    83.689891   0.513669      23.80       +0.85      +0.88   0.61      +10.49
------------------------------------------------------------------------------------------------------------------------
  12     3      0.02        82.912164    84.141639   0.572903      19.28       +1.58      +1.42   0.68      -10.49
  12     3      0.06        83.124732    84.061483   0.495140      18.12       +1.84      +1.33   0.59      -15.88
  12     3      0.10        83.662316    84.688277   0.424463      18.00       +2.50      +2.08   0.50      -16.43
------------------------------------------------------------------------------------------------------------------------
  12     4      0.02        82.346519    83.316297   0.473609      24.29       +0.88      +0.43   0.57      +12.77
  12     4      0.06        82.506256    83.595633   0.426261      23.20       +1.08      +0.77   0.51       +7.71
  12     4      0.10        82.882588    83.764742   0.375552      23.06       +1.54      +0.97   0.45       +7.06
------------------------------------------------------------------------------------------------------------------------
  12     5      0.02        82.004684    82.886222   0.347463      27.88       +0.46      -0.09   0.42      +29.43
  12     5      0.06        82.167109    83.029569   0.300537      28.51       +0.66      +0.08   0.36      +32.36
  12     5      0.10        82.297732    83.213819   0.458892      27.11       +0.82      +0.31   0.55      +25.86
------------------------------------------------------------------------------------------------------------------------

Notes:
- Best best_result:  iters=12 / segs=5 / pool=0.02 → 82.004684 (best_diff% = +0.46%)
- Fastest:          iters=8 / segs=3 / pool=0.10 → 12.97s (time_diff% = -39.79%)
- Baseline:         iters=10 / segs=4 / pool=0.06  (all diff% = +0.00%)
